tstlgeom
gen LGTEST 10 10 SINC=40 LINC=40
Beginning VICAR task gen
GEN Version 6
GEN task completed
list LGTEST
Beginning VICAR task list

   BYTE     samples are interpreted as   BYTE   data
 Task:GEN       User:rjb       Date_Time:Wed Jul 27 00:42:41 2016
     Samp     1       3       5       7       9
   Line
      1       0  40  80 120 160 200 240  24  64 104
      2      40  80 120 160 200 240  24  64 104 144
      3      80 120 160 200 240  24  64 104 144 184
      4     120 160 200 240  24  64 104 144 184 224
      5     160 200 240  24  64 104 144 184 224   8
      6     200 240  24  64 104 144 184 224   8  48
      7     240  24  64 104 144 184 224   8  48  88
      8      24  64 104 144 184 224   8  48  88 128
      9      64 104 144 184 224   8  48  88 128 168
     10     104 144 184 224   8  48  88 128 168 208
lgeom LGTEST LGENLARG NAH=1 NAV=1 SIZE=(1,1,20,20)  +
  TIEPOIN=(1,1,1,1, 1,20,1,10, 20,1,10,1, 20,20,10,10) 'NOIN
Beginning VICAR task lgeom
LGEOM - 26-JUL-2016 (64-bit) - rjb
list LGENLARG
Beginning VICAR task list

   BYTE     samples are interpreted as   BYTE   data
 Task:GEN       User:rjb       Date_Time:Wed Jul 27 00:42:41 2016
 Task:LGEOM     User:rjb       Date_Time:Wed Jul 27 00:42:42 2016
     Samp     1       3       5       7       9      11      13      15      17      19
   Line
      1       0   0  40  40  80  80 120 120 160 160 200 200 240 240  24  24  64  64 104 104
      2       0   0  40  40  80  80 120 120 160 160 200 200 240 240  24  24  64  64 104 104
      3      40  40  80  80 120 120 160 160 200 200 240 240  24  24  64  64 104 104 144 144
      4      40  40  80  80 120 120 160 160 200 200 240 240  24  24  64  64 104 104 144 144
      5      80  80 120 120 160 160 200 200 240 240  24  24  64  64 104 104 144 144 184 184
      6      80  80 120 120 160 160 200 200 240 240  24  24  64  64 104 104 144 144 184 184
      7     120 120 160 160 200 200 240 240  24  24  64  64 104 104 144 144 184 184 224 224
      8     120 120 160 160 200 200 240 240  24  24  64  64 104 104 144 144 184 184 224 224
      9     160 160 200 200 240 240  24  24  64  64 104 104 144 144 184 184 224 224   8   8
     10     160 160 200 200 240 240  24  24  64  64 104 104 144 144 184 184 224 224   8   8
     11     200 200 240 240  24  24  64  64 104 104 144 144 184 184 224 224   8   8  48  48
     12     200 200 240 240  24  24  64  64 104 104 144 144 184 184 224 224   8   8  48  48
     13     240 240  24  24  64  64 104 104 144 144 184 184 224 224   8   8  48  48  88  88
     14     240 240  24  24  64  64 104 104 144 144 184 184 224 224   8   8  48  48  88  88
     15      24  24  64  64 104 104 144 144 184 184 224 224   8   8  48  48  88  88 128 128
     16      24  24  64  64 104 104 144 144 184 184 224 224   8   8  48  48  88  88 128 128
     17      64  64 104 104 144 144 184 184 224 224   8   8  48  48  88  88 128 128 168 168
     18      64  64 104 104 144 144 184 184 224 224   8   8  48  48  88  88 128 128 168 168
     19     104 104 144 144 184 184 224 224   8   8  48  48  88  88 128 128 168 168 208 208
     20     104 104 144 144 184 184 224 224   8   8  48  48  88  88 128 128 168 168 208 208
lgeom LGTEST LGENLARG NAH=1 NAV=1 SIZE=(1,1,20,20)  +
  TIEPOIN=(1,1,1,1, 1,20,1,10, 20,1,10,1, 20,20,10,10) 'NOIZ
Beginning VICAR task lgeom
LGEOM - 26-JUL-2016 (64-bit) - rjb
list LGENLARG
Beginning VICAR task list

   BYTE     samples are interpreted as   BYTE   data
 Task:GEN       User:rjb       Date_Time:Wed Jul 27 00:42:41 2016
 Task:LGEOM     User:rjb       Date_Time:Wed Jul 27 00:42:42 2016
     Samp     1       3       5       7       9      11      13      15      17      19
   Line
      1       0   0  40  57  76  95 114 133 152 171 189 208 227 206 104  28  47  66  85 104
      2       0   0  58  76  95 114 133 152 171 189 208 202 163 123  78  47  66  85 104 123
      3      40  59  76  95 114 133 152 171 189 208 227 195  99  40  52  66  85 104 123 142
      4      57  76  95 114 133 152 171 189 208 199 167 126  75  47  66  85 104 123 142 161
      5      76  95 114 133 152 171 189 208 227 186  96  49  56  66  85 104 123 142 161 180
      6      95 114 133 152 171 189 208 198 172 128  71  47  66  85 104 123 142 161 180 199
      7     114 133 152 171 189 208 227 178  95  58  58  66  85 104 123 142 161 180 199 218
      8     133 152 171 189 208 198 178 129  65  47  66  85 104 123 142 161 180 194 175 156
      9     152 171 189 208 227 172  95  65  59  66  85 104 123 142 161 180 199 207 130  53
     10     171 189 208 199 186 128  58  47  66  85 104 123 142 161 180 192 179 159  89  19
     11     189 208 227 167  96  71  58  66  85 104 123 142 161 180 199 198 127  63  50  37
     12     208 202 195 126  49  47  66  85 104 123 142 161 180 190 184 161  85  19  37  56
     13     227 163  99  75  56  66  85 104 123 142 161 180 199 190 126  72  53  37  56  75
     14     206 123  40  47  66  85 104 123 142 161 180 190 190 162  79  19  37  56  75  94
     15     104  78  52  66  85 104 123 142 161 180 199 184 126  79  53  37  56  75  94 113
     16      28  47  66  85 104 123 142 161 180 192 198 161  72  19  37  56  75  94 113 132
     17      47  66  85 104 123 142 161 180 199 179 127  85  53  37  56  75  94 113 132 151
     18      66  85 104 123 142 161 180 194 207 159  63  19  37  56  75  94 113 132 151 170
     19      85 104 123 142 161 180 199 175 130  89  50  37  56  75  94 113 132 151 170 189
     20     104 123 142 161 180 199 218 156  53  19  37  56  75  94 113 132 151 170 189 208
lgeom LGTEST LGROTAT SIZE=(1,1,20,20) NAH=1 NAV=1  +
 TIEPOIN=(1,1,10,1, 1,20,1,1, 20,1,10,10, 20,20,1,10)
Beginning VICAR task lgeom
LGEOM - 26-JUL-2016 (64-bit) - rjb
list LGROTAT
Beginning VICAR task list

   BYTE     samples are interpreted as   BYTE   data
 Task:GEN       User:rjb       Date_Time:Wed Jul 27 00:42:41 2016
 Task:LGEOM     User:rjb       Date_Time:Wed Jul 27 00:42:42 2016
     Samp     1       3       5       7       9      11      13      15      17      19
   Line
      1     104  85  66  47  28 104 206 227 208 189 171 152 133 114  95  76  57  38  19   0
      2     123 104  85  66  47  78 123 163 202 208 189 171 152 133 114  95  76  57  38  19
      3     142 123 104  85  66  52  40  99 195 227 208 189 171 152 133 114  95  76  57  38
      4     161 142 123 104  85  66  47  75 126 167 199 208 189 171 152 133 114  95  76  57
      5     180 161 142 123 104  85  66  56  49  96 186 227 208 189 171 152 133 114  95  76
      6     199 180 161 142 123 104  85  66  47  71 128 172 198 208 189 171 152 133 114  95
      7     218 199 180 161 142 123 104  85  66  58  58  95 178 227 208 189 171 152 133 114
      8     156 175 194 180 161 142 123 104  85  66  47  65 129 178 198 208 189 171 152 133
      9      53 130 207 199 180 161 142 123 104  85  66  59  65  95 172 227 208 189 171 152
     10      19  89 159 179 192 180 161 142 123 104  85  66  47  58 128 186 199 208 189 171
     11      37  50  63 127 198 199 180 161 142 123 104  85  66  58  71  96 167 227 208 189
     12      56  37  19  85 161 184 190 180 161 142 123 104  85  66  47  49 126 195 202 208
     13      75  56  37  53  72 126 190 199 180 161 142 123 104  85  66  56  75  99 163 227
     14      94  75  56  37  19  79 162 190 190 180 161 142 123 104  85  66  47  40 123 206
     15     113  94  75  56  37  53  79 126 184 199 180 161 142 123 104  85  66  52  78 104
     16     132 113  94  75  56  37  19  72 161 198 192 180 161 142 123 104  85  66  47  28
     17     151 132 113  94  75  56  37  53  85 127 179 199 180 161 142 123 104  85  66  47
     18     170 151 132 113  94  75  56  37  19  63 159 207 194 180 161 142 123 104  85  66
     19     189 170 151 132 113  94  75  56  37  50  89 130 175 199 180 161 142 123 104  85
     20     208 189 170 151 132 113  94  75  56  37  19  53 156 218 199 180 161 142 123 104
gen LGTESTH 10 10 IVAL=-10000 LINC=3000 SINC=3000 'HALF
Beginning VICAR task gen
GEN Version 6
GEN task completed
list LGTESTH
Beginning VICAR task list

   HALF     samples are interpreted as HALFWORD data
 Task:GEN       User:rjb       Date_Time:Wed Jul 27 00:42:42 2016
     Samp       1     2     3     4     5     6     7     8     9    10
   Line
      1    -10000 -7000 -4000 -1000  2000  5000  8000 11000 14000 17000
      2     -7000 -4000 -1000  2000  5000  8000 11000 14000 17000 20000
      3     -4000 -1000  2000  5000  8000 11000 14000 17000 20000 23000
      4     -1000  2000  5000  8000 11000 14000 17000 20000 23000 26000
      5      2000  5000  8000 11000 14000 17000 20000 23000 26000 29000
      6      5000  8000 11000 14000 17000 20000 23000 26000 29000 32000
      7      8000 11000 14000 17000 20000 23000 26000 29000 32000-30536
      8     11000 14000 17000 20000 23000 26000 29000 32000-30536-27536
      9     14000 17000 20000 23000 26000 29000 32000-30536-27536-24536
     10     17000 20000 23000 26000 29000 32000-30536-27536-24536-21536
lgeom LGTESTH LGENLARGH SIZE=(1,1,20,20) NAH=1 NAV=1  +
 TIEPOIN=(1,1,1,1, 1,20,1,10, 20,1,10,1, 20,20,10,10)
Beginning VICAR task lgeom
LGEOM - 26-JUL-2016 (64-bit) - rjb
list LGENLARGH
Beginning VICAR task list

   HALF     samples are interpreted as HALFWORD data
 Task:GEN       User:rjb       Date_Time:Wed Jul 27 00:42:42 2016
 Task:LGEOM     User:rjb       Date_Time:Wed Jul 27 00:42:42 2016
     Samp       1     2     3     4     5     6     7     8     9    10    11    12    13    14    15
   Line
      1    -10000 -8579 -7158 -5737 -4316 -2895 -1474   -53  1368  2789  4211  5632  7053  8474  9895
      2     -8579 -7158 -5737 -4316 -2895 -1474   -53  1368  2789  4211  5632  7053  8474  9895 11316
      3     -7158 -5737 -4316 -2895 -1474   -53  1368  2789  4211  5632  7053  8474  9895 11316 12737
      4     -5737 -4316 -2895 -1474   -53  1368  2789  4211  5632  7053  8474  9895 11316 12737 14158
      5     -4316 -2895 -1474   -53  1368  2789  4211  5632  7053  8474  9895 11316 12737 14158 15579
      6     -2895 -1474   -53  1368  2789  4211  5632  7053  8474  9895 11316 12737 14158 15579 17000
      7     -1474   -53  1368  2789  4211  5632  7053  8474  9895 11316 12737 14158 15579 17000 18421
      8       -53  1368  2789  4211  5632  7053  8474  9895 11316 12737 14158 15579 17000 18421 19842
      9      1368  2789  4211  5632  7053  8474  9895 11316 12737 14158 15579 17000 18421 19842 21263
     10      2789  4211  5632  7053  8474  9895 11316 12737 14158 15579 17000 18421 19842 21263 22684
     11      4211  5632  7053  8474  9895 11316 12737 14158 15579 17000 18421 19842 21263 22684 24105
     12      5632  7053  8474  9895 11316 12737 14158 15579 17000 18421 19842 21263 22684 24105 25526
     13      7053  8474  9895 11316 12737 14158 15579 17000 18421 19842 21263 22684 24105 25526 26947
     14      8474  9895 11316 12737 14158 15579 17000 18421 19842 21263 22684 24105 25526 26947 28368
     15      9895 11316 12737 14158 15579 17000 18421 19842 21263 22684 24105 25526 26947 28368 29789
     16     11316 12737 14158 15579 17000 18421 19842 21263 22684 24105 25526 26947 28368 28700 26854
     17     12737 14158 15579 17000 18421 19842 21263 22684 24105 25526 26947 28368 29789 25220  8668
     18     14158 15579 17000 18421 19842 21263 22684 24105 25526 26947 28368 29063 28851 19379 -8609
     19     15579 17000 18421 19842 21263 22684 24105 25526 26947 28368 29789 23949  9031 -5342-18625
     20     17000 18421 19842 21263 22684 24105 25526 26947 28368 29789 31211 18834-10788-30062-28641

   HALF     samples are interpreted as HALFWORD data
 Task:GEN       User:rjb       Date_Time:Wed Jul 27 00:42:42 2016
 Task:LGEOM     User:rjb       Date_Time:Wed Jul 27 00:42:42 2016
     Samp      16    17    18    19    20
   Line
      1     11316 12737 14158 15579 17000
      2     12737 14158 15579 17000 18421
      3     14158 15579 17000 18421 19842
      4     15579 17000 18421 19842 21263
      5     17000 18421 19842 21263 22684
      6     18421 19842 21263 22684 24105
      7     19842 21263 22684 24105 25526
      8     21263 22684 24105 25526 26947
      9     22684 24105 25526 26947 28368
     10     24105 25526 26947 28368 29789
     11     25526 26947 28368 29789 31211
     12     26947 28368 29063 23949 18835
     13     28368 29789 28850  9031-10788
     14     28700 25220 19379 -5342-30062
     15     26854  8668 -8609-18625-28641
     16     19561 -6794-30062-28641-27220
     17     -6794-18444-28641-27220-25799
     18    -30062-28641-27220-25799-24378
     19    -28641-27220-25799-24378-22957
     20    -27220-25799-24378-22957-21536
lgeom LGTESTH LGROTATH SIZE=(1,1,10,10) NAH=2 NAV=2  +
  TIEPOIN=(1,1,10,1,   1,6,5,1,   1,10,1,1,  +
           6,1,10,6,   6,6,5,6,   6,10,1,6,  +
	   10,1,10,10, 10,6,5,10, 10,10,1,10)
Beginning VICAR task lgeom
LGEOM - 26-JUL-2016 (64-bit) - rjb
list LGROTATH
Beginning VICAR task list

   HALF     samples are interpreted as HALFWORD data
 Task:GEN       User:rjb       Date_Time:Wed Jul 27 00:42:42 2016
 Task:LGEOM     User:rjb       Date_Time:Wed Jul 27 00:42:42 2016
     Samp       1     2     3     4     5     6     7     8     9    10
   Line
      1     17000 14000 11000  8000  5000  2000 -1000 -4000 -7000-10000
      2     20000 17000 14000 11000  8000  5000  2000 -1000 -4000 -7000
      3     23000 20000 17000 14000 11000  8000  5000  2000 -1000 -4000
      4     26000 23000 20000 17000 14000 11000  8000  5000  2000 -1000
      5     29000 26000 23000 20000 17000 14000 11000  8000  5000  2000
      6     32000 29000 26000 23000 20000 17000 14000 11000  8000  5000
      7    -30536 32000 29000 26000 23000 20000 17000 14000 11000  8000
      8    -27536-30536 32000 29000 26000 23000 20000 17000 14000 11000
      9    -24536-27536-30536 32000 29000 26000 23000 20000 17000 14000
     10    -21536-24536-27536-30536 32000 29000 26000 23000 20000 17000
lgeom LGTESTH LGROTATH SIZE=(1,3,10,8) NAH=2 NAV=2  +
  TIEPOIN=(1,1,10,1,   1,6,5,1,   1,10,1,1,  +
           6,1,10,6,   6,6,5,6,   6,10,1,6,  +
	   10,1,10,10, 10,6,5,10, 10,10,1,10)
Beginning VICAR task lgeom
LGEOM - 26-JUL-2016 (64-bit) - rjb
list LGROTATH
Beginning VICAR task list

   HALF     samples are interpreted as HALFWORD data
 Task:GEN       User:rjb       Date_Time:Wed Jul 27 00:42:42 2016
 Task:LGEOM     User:rjb       Date_Time:Wed Jul 27 00:42:42 2016
     Samp       1     2     3     4     5     6     7     8
   Line
      1     11000  8000  5000  2000 -1000 -4000 -7000-10000
      2     14000 11000  8000  5000  2000 -1000 -4000 -7000
      3     17000 14000 11000  8000  5000  2000 -1000 -4000
      4     20000 17000 14000 11000  8000  5000  2000 -1000
      5     23000 20000 17000 14000 11000  8000  5000  2000
      6     26000 23000 20000 17000 14000 11000  8000  5000
      7     29000 26000 23000 20000 17000 14000 11000  8000
      8     32000 29000 26000 23000 20000 17000 14000 11000
      9    -30536 32000 29000 26000 23000 20000 17000 14000
     10    -27536-30536 32000 29000 26000 23000 20000 17000
tlgeom PDS
Beginning VICAR task tlgeom
lgeom (LGTESTH,PDS) LGENLARGH (1,1,20,20) 'PRINT
Beginning VICAR task lgeom
LGEOM - 26-JUL-2016 (64-bit) - rjb
PROCESSING INPUT LINES     1 TO    10
list LGENLARGH
Beginning VICAR task list

   HALF     samples are interpreted as HALFWORD data
 Task:GEN       User:rjb       Date_Time:Wed Jul 27 00:42:42 2016
 Task:LGEOM     User:rjb       Date_Time:Wed Jul 27 00:42:42 2016
     Samp       1     2     3     4     5     6     7     8     9    10    11    12    13    14    15
   Line
      1    -10000-10000 -7000 -7000 -4000 -4000 -1000 -1000  2000  2000  5000  5000  8000  8000 11000
      2    -10000-10000 -7000 -7000 -4000 -4000 -1000 -1000  2000  2000  5000  5000  8000  8000 11000
      3     -7000 -7000 -4000 -4000 -1000 -1000  2000  2000  5000  5000  8000  8000 11000 11000 14000
      4     -7000 -7000 -4000 -4000 -1000 -1000  2000  2000  5000  5000  8000  8000 11000 11000 14000
      5     -4000 -4000 -1000 -1000  2000  2000  5000  5000  8000  8000 11000 11000 14000 14000 17000
      6     -4000 -4000 -1000 -1000  2000  2000  5000  5000  8000  8000 11000 11000 14000 14000 17000
      7     -1000 -1000  2000  2000  5000  5000  8000  8000 11000 11000 14000 14000 17000 17000 20000
      8     -1000 -1000  2000  2000  5000  5000  8000  8000 11000 11000 14000 14000 17000 17000 20000
      9      2000  2000  5000  5000  8000  8000 11000 11000 14000 14000 17000 17000 20000 20000 23000
     10      2000  2000  5000  5000  8000  8000 11000 11000 14000 14000 17000 17000 20000 20000 23000
     11      5000  5000  8000  8000 11000 11000 14000 14000 17000 17000 20000 20000 23000 23000 26000
     12      5000  5000  8000  8000 11000 11000 14000 14000 17000 17000 20000 20000 23000 23000 26000
     13      8000  8000 11000 11000 14000 14000 17000 17000 20000 20000 23000 23000 26000 26000 29000
     14      8000  8000 11000 11000 14000 14000 17000 17000 20000 20000 23000 23000 26000 26000 29000
     15     11000 11000 14000 14000 17000 17000 20000 20000 23000 23000 26000 26000 29000 29000 32000
     16     11000 11000 14000 14000 17000 17000 20000 20000 23000 23000 26000 26000 29000 29000 32000
     17     14000 14000 17000 17000 20000 20000 23000 23000 26000 26000 29000 29000 32000 32000-30536
     18     14000 14000 17000 17000 20000 20000 23000 23000 26000 26000 29000 29000 32000 32000-30536
     19     17000 17000 20000 20000 23000 23000 26000 26000 29000 29000 32000 32000-30536-30536-27536
     20     17000 17000 20000 20000 23000 23000 26000 26000 29000 29000 32000 32000-30536-30536-27536

   HALF     samples are interpreted as HALFWORD data
 Task:GEN       User:rjb       Date_Time:Wed Jul 27 00:42:42 2016
 Task:LGEOM     User:rjb       Date_Time:Wed Jul 27 00:42:42 2016
     Samp      16    17    18    19    20
   Line
      1     11000 14000 14000 17000 17000
      2     11000 14000 14000 17000 17000
      3     14000 17000 17000 20000 20000
      4     14000 17000 17000 20000 20000
      5     17000 20000 20000 23000 23000
      6     17000 20000 20000 23000 23000
      7     20000 23000 23000 26000 26000
      8     20000 23000 23000 26000 26000
      9     23000 26000 26000 29000 29000
     10     23000 26000 26000 29000 29000
     11     26000 29000 29000 32000 32000
     12     26000 29000 29000 32000 32000
     13     29000 32000 32000-30536-30536
     14     29000 32000 32000-30536-30536
     15     32000-30536-30536-27536-27536
     16     32000-30536-30536-27536-27536
     17    -30536-27536-27536-24536-24536
     18    -30536-27536-27536-24536-24536
     19    -27536-24536-24536-21536-21536
     20    -27536-24536-24536-21536-21536
gen lgtest 512 512 sinc=0 linc=20
Beginning VICAR task gen
GEN Version 6
GEN task completed
lgeom lgtest lgtout.img size=(1,1,512,512) nah=2 nav=2  'PRINT  +
 tiepoin=(1,1,20,20, 1,256,100,200, 1,512,50,450,  +
          256,1,180,120, 256,256,256,256, 256,512,150,350,  +
	  512,1,380,50,  512,256,300,200, 512,512,512,512)
Beginning VICAR task lgeom
LGEOM - 26-JUL-2016 (64-bit) - rjb
   TIEPOINTS:
     1.000     1.000    20.000    20.000
     1.000   256.000   100.000   200.000
     1.000   512.000    50.000   450.000
   256.000     1.000   180.000   120.000
   256.000   256.000   256.000   256.000
   256.000   512.000   150.000   350.000
   512.000     1.000   380.000    50.000
   512.000   256.000   300.000   200.000
   512.000   512.000   512.000   512.000
PROCESSING INPUT LINES     1 TO   512
write "Display lgtout.img to demonstrate 4 twisted quadrants "
Display lgtout.img to demonstrate 4 twisted quadrants 
let $echo="no"
exit
slogoff
