tstminfilt
gen out=a.img nl=10 ns=10
Beginning VICAR task gen
GEN Version 6
GEN task completed
list a.img
Beginning VICAR task list

   BYTE     samples are interpreted as   BYTE   data
 Task:GEN       User:rjb       Date_Time:Mon Sep  2 15:20:59 2013
     Samp     1       3       5       7       9
   Line
      1       0   1   2   3   4   5   6   7   8   9
      2       1   2   3   4   5   6   7   8   9  10
      3       2   3   4   5   6   7   8   9  10  11
      4       3   4   5   6   7   8   9  10  11  12
      5       4   5   6   7   8   9  10  11  12  13
      6       5   6   7   8   9  10  11  12  13  14
      7       6   7   8   9  10  11  12  13  14  15
      8       7   8   9  10  11  12  13  14  15  16
      9       8   9  10  11  12  13  14  15  16  17
     10       9  10  11  12  13  14  15  16  17  18
minfilt inp=a.img out=b1.img nlw=5 nsw=1
Beginning VICAR task minfilt
** MINFILT - May 18, 2011 - (64-bit) - rjb
list b1.img
Beginning VICAR task list

   BYTE     samples are interpreted as   BYTE   data
 Task:GEN       User:rjb       Date_Time:Mon Sep  2 15:20:59 2013
 Task:MINFILT   User:rjb       Date_Time:Mon Sep  2 15:20:59 2013
     Samp     1       3       5       7       9
   Line
      1       0   1   2   3   4   5   6   7   8   9
      2       0   1   2   3   4   5   6   7   8   9
      3       0   1   2   3   4   5   6   7   8   9
      4       1   2   3   4   5   6   7   8   9  10
      5       2   3   4   5   6   7   8   9  10  11
      6       3   4   5   6   7   8   9  10  11  12
      7       4   5   6   7   8   9  10  11  12  13
      8       5   6   7   8   9  10  11  12  13  14
      9       6   7   8   9  10  11  12  13  14  15
     10       7   8   9  10  11  12  13  14  15  16
minfilt inp=a.img out=b2.img nlw=1 nsw=5
Beginning VICAR task minfilt
** MINFILT - May 18, 2011 - (64-bit) - rjb
list b2.img
Beginning VICAR task list

   BYTE     samples are interpreted as   BYTE   data
 Task:GEN       User:rjb       Date_Time:Mon Sep  2 15:20:59 2013
 Task:MINFILT   User:rjb       Date_Time:Mon Sep  2 15:20:59 2013
     Samp     1       3       5       7       9
   Line
      1       0   0   0   1   2   3   4   5   6   7
      2       1   1   1   2   3   4   5   6   7   8
      3       2   2   2   3   4   5   6   7   8   9
      4       3   3   3   4   5   6   7   8   9  10
      5       4   4   4   5   6   7   8   9  10  11
      6       5   5   5   6   7   8   9  10  11  12
      7       6   6   6   7   8   9  10  11  12  13
      8       7   7   7   8   9  10  11  12  13  14
      9       8   8   8   9  10  11  12  13  14  15
     10       9   9   9  10  11  12  13  14  15  16
minfilt inp=a.img out=b3.img nlw=5 nsw=5
Beginning VICAR task minfilt
** MINFILT - May 18, 2011 - (64-bit) - rjb
list b3.img
Beginning VICAR task list

   BYTE     samples are interpreted as   BYTE   data
 Task:GEN       User:rjb       Date_Time:Mon Sep  2 15:20:59 2013
 Task:MINFILT   User:rjb       Date_Time:Mon Sep  2 15:20:59 2013
     Samp     1       3       5       7       9
   Line
      1       0   0   0   1   2   3   4   5   6   7
      2       0   0   0   1   2   3   4   5   6   7
      3       0   0   0   1   2   3   4   5   6   7
      4       1   1   1   2   3   4   5   6   7   8
      5       2   2   2   3   4   5   6   7   8   9
      6       3   3   3   4   5   6   7   8   9  10
      7       4   4   4   5   6   7   8   9  10  11
      8       5   5   5   6   7   8   9  10  11  12
      9       6   6   6   7   8   9  10  11  12  13
     10       7   7   7   8   9  10  11  12  13  14
gausnois out=g.img nl=10 ns=10 seed=78131
Beginning VICAR task gausnois
Gausnois - 11-Aug-2013 - rjb (64bit)
list g.img
Beginning VICAR task list

   BYTE     samples are interpreted as   BYTE   data
 Task:GAUSNOIS  User:rjb       Date_Time:Mon Sep  2 15:20:59 2013
     Samp     1       3       5       7       9
   Line
      1     140 106 129 155 108 108 101 146 125  94
      2     100 117 142 127 159 145 137 141 110 133
      3     133 109 138 123 131 134 104 121 117 110
      4     113 134 151 124 135 113 129 147 144 124
      5     127 101 113 127 151 107  99 137 137 148
      6     165 129 123 145 134 136 139 121 136 127
      7     118 137 158 133 123 133 127 128 138 103
      8      93 114 145 128  89 127 136 127 141 135
      9     113 123 130 124 129 124 152 134 112 137
     10     109 131 134 147 103 118 163 135 123 102
minfilt inp=g.img out=b4.img nlw=5 nsw=5
Beginning VICAR task minfilt
** MINFILT - May 18, 2011 - (64-bit) - rjb
list b4.img
Beginning VICAR task list

   BYTE     samples are interpreted as   BYTE   data
 Task:GAUSNOIS  User:rjb       Date_Time:Mon Sep  2 15:20:59 2013
 Task:MINFILT   User:rjb       Date_Time:Mon Sep  2 15:20:59 2013
     Samp     1       3       5       7       9
   Line
      1     100 100 100 106 101 101 101  94  94  94
      2     100 100 100 106 101 101 101  94  94  94
      3     100 100 100 101  99  99  99  94  94  94
      4     100 100 100 101  99  99  99  99  99 110
      5     101 101 101 101  99  99  99  99  99 103
      6      93  93  89  89  89  89  89  99  99 103
      7      93  93  89  89  89  89  89  99  99 103
      8      93  93  89  89  89  89  89 102 102 102
      9      93  93  89  89  89  89  89 102 102 102
     10      93  93  89  89  89  89  89 102 102 102
gen out=h.img nl=10 ns=10 format=half ival=1000 linc=100 sinc=100
Beginning VICAR task gen
GEN Version 6
GEN task completed
list h.img
Beginning VICAR task list

   HALF     samples are interpreted as HALFWORD data
 Task:GEN       User:rjb       Date_Time:Mon Sep  2 15:20:59 2013
     Samp       1     2     3     4     5     6     7     8     9    10
   Line
      1      1000  1100  1200  1300  1400  1500  1600  1700  1800  1900
      2      1100  1200  1300  1400  1500  1600  1700  1800  1900  2000
      3      1200  1300  1400  1500  1600  1700  1800  1900  2000  2100
      4      1300  1400  1500  1600  1700  1800  1900  2000  2100  2200
      5      1400  1500  1600  1700  1800  1900  2000  2100  2200  2300
      6      1500  1600  1700  1800  1900  2000  2100  2200  2300  2400
      7      1600  1700  1800  1900  2000  2100  2200  2300  2400  2500
      8      1700  1800  1900  2000  2100  2200  2300  2400  2500  2600
      9      1800  1900  2000  2100  2200  2300  2400  2500  2600  2700
     10      1900  2000  2100  2200  2300  2400  2500  2600  2700  2800
minfilt inp=h.img out=c1.img nlw=5 nsw=1
Beginning VICAR task minfilt
** MINFILT - May 18, 2011 - (64-bit) - rjb
list c1.img
Beginning VICAR task list

   HALF     samples are interpreted as HALFWORD data
 Task:GEN       User:rjb       Date_Time:Mon Sep  2 15:20:59 2013
 Task:MINFILT   User:rjb       Date_Time:Mon Sep  2 15:20:59 2013
     Samp       1     2     3     4     5     6     7     8     9    10
   Line
      1      1000  1100  1200  1300  1400  1500  1600  1700  1800  1900
      2      1000  1100  1200  1300  1400  1500  1600  1700  1800  1900
      3      1000  1100  1200  1300  1400  1500  1600  1700  1800  1900
      4      1100  1200  1300  1400  1500  1600  1700  1800  1900  2000
      5      1200  1300  1400  1500  1600  1700  1800  1900  2000  2100
      6      1300  1400  1500  1600  1700  1800  1900  2000  2100  2200
      7      1400  1500  1600  1700  1800  1900  2000  2100  2200  2300
      8      1500  1600  1700  1800  1900  2000  2100  2200  2300  2400
      9      1600  1700  1800  1900  2000  2100  2200  2300  2400  2500
     10      1700  1800  1900  2000  2100  2200  2300  2400  2500  2600
minfilt inp=h.img out=c2.img nlw=1 nsw=5
Beginning VICAR task minfilt
** MINFILT - May 18, 2011 - (64-bit) - rjb
list c2.img
Beginning VICAR task list

   HALF     samples are interpreted as HALFWORD data
 Task:GEN       User:rjb       Date_Time:Mon Sep  2 15:20:59 2013
 Task:MINFILT   User:rjb       Date_Time:Mon Sep  2 15:20:59 2013
     Samp       1     2     3     4     5     6     7     8     9    10
   Line
      1      1000  1000  1000  1100  1200  1300  1400  1500  1600  1700
      2      1100  1100  1100  1200  1300  1400  1500  1600  1700  1800
      3      1200  1200  1200  1300  1400  1500  1600  1700  1800  1900
      4      1300  1300  1300  1400  1500  1600  1700  1800  1900  2000
      5      1400  1400  1400  1500  1600  1700  1800  1900  2000  2100
      6      1500  1500  1500  1600  1700  1800  1900  2000  2100  2200
      7      1600  1600  1600  1700  1800  1900  2000  2100  2200  2300
      8      1700  1700  1700  1800  1900  2000  2100  2200  2300  2400
      9      1800  1800  1800  1900  2000  2100  2200  2300  2400  2500
     10      1900  1900  1900  2000  2100  2200  2300  2400  2500  2600
minfilt inp=h.img out=c3.img nlw=5 nsw=5
Beginning VICAR task minfilt
** MINFILT - May 18, 2011 - (64-bit) - rjb
list c3.img
Beginning VICAR task list

   HALF     samples are interpreted as HALFWORD data
 Task:GEN       User:rjb       Date_Time:Mon Sep  2 15:20:59 2013
 Task:MINFILT   User:rjb       Date_Time:Mon Sep  2 15:21:00 2013
     Samp       1     2     3     4     5     6     7     8     9    10
   Line
      1      1000  1000  1000  1100  1200  1300  1400  1500  1600  1700
      2      1000  1000  1000  1100  1200  1300  1400  1500  1600  1700
      3      1000  1000  1000  1100  1200  1300  1400  1500  1600  1700
      4      1100  1100  1100  1200  1300  1400  1500  1600  1700  1800
      5      1200  1200  1200  1300  1400  1500  1600  1700  1800  1900
      6      1300  1300  1300  1400  1500  1600  1700  1800  1900  2000
      7      1400  1400  1400  1500  1600  1700  1800  1900  2000  2100
      8      1500  1500  1500  1600  1700  1800  1900  2000  2100  2200
      9      1600  1600  1600  1700  1800  1900  2000  2100  2200  2300
     10      1700  1700  1700  1800  1900  2000  2100  2200  2300  2400
gausnois out=n.img nl=10 ns=10 format=HALF mean=1280 seed=-902455
Beginning VICAR task gausnois
Gausnois - 11-Aug-2013 - rjb (64bit)
list n.img
Beginning VICAR task list

   HALF     samples are interpreted as HALFWORD data
 Task:GAUSNOIS  User:rjb       Date_Time:Mon Sep  2 15:21:00 2013
     Samp       1     2     3     4     5     6     7     8     9    10
   Line
      1      1298  1273  1247  1310  1279  1272  1284  1282  1251  1279
      2      1282  1283  1258  1281  1275  1295  1252  1296  1294  1270
      3      1286  1265  1281  1314  1297  1294  1268  1290  1275  1264
      4      1289  1286  1296  1269  1277  1255  1276  1266  1270  1261
      5      1271  1288  1325  1298  1242  1257  1305  1283  1302  1261
      6      1267  1281  1258  1296  1280  1280  1299  1280  1306  1277
      7      1286  1261  1284  1294  1258  1259  1298  1265  1236  1282
      8      1295  1258  1256  1285  1293  1281  1283  1296  1262  1257
      9      1290  1279  1273  1279  1287  1293  1307  1272  1258  1264
     10      1268  1265  1282  1257  1314  1266  1252  1290  1284  1293
minfilt inp=n.img out=c4.img nlw=5 nsw=5
Beginning VICAR task minfilt
** MINFILT - May 18, 2011 - (64-bit) - rjb
list c4.img
Beginning VICAR task list

   HALF     samples are interpreted as HALFWORD data
 Task:GAUSNOIS  User:rjb       Date_Time:Mon Sep  2 15:21:00 2013
 Task:MINFILT   User:rjb       Date_Time:Mon Sep  2 15:21:00 2013
     Samp       1     2     3     4     5     6     7     8     9    10
   Line
      1      1247  1247  1247  1247  1247  1252  1251  1251  1251  1251
      2      1247  1247  1247  1247  1247  1252  1251  1251  1251  1251
      3      1247  1247  1242  1242  1242  1242  1242  1251  1251  1251
      4      1258  1258  1242  1242  1242  1242  1242  1252  1252  1261
      5      1258  1258  1242  1242  1242  1242  1236  1236  1236  1236
      6      1256  1256  1242  1242  1242  1242  1236  1236  1236  1236
      7      1256  1256  1242  1242  1242  1242  1236  1236  1236  1236
      8      1256  1256  1256  1256  1252  1252  1236  1236  1236  1236
      9      1256  1256  1256  1256  1252  1252  1236  1236  1236  1236
     10      1256  1256  1256  1256  1252  1252  1252  1252  1252  1257
gen out=f.img nl=10 ns=10 format=full ival=10000 linc=100 sinc=100
Beginning VICAR task gen
GEN Version 6
GEN task completed
list f.img
Beginning VICAR task list

   FULL     samples are interpreted as FULLWORD data
 Task:GEN       User:rjb       Date_Time:Mon Sep  2 15:21:00 2013
     Samp            1          2          3          4          5          6          7          8          9         10
   Line
      1          10000      10100      10200      10300      10400      10500      10600      10700      10800      10900
      2          10100      10200      10300      10400      10500      10600      10700      10800      10900      11000
      3          10200      10300      10400      10500      10600      10700      10800      10900      11000      11100
      4          10300      10400      10500      10600      10700      10800      10900      11000      11100      11200
      5          10400      10500      10600      10700      10800      10900      11000      11100      11200      11300
      6          10500      10600      10700      10800      10900      11000      11100      11200      11300      11400
      7          10600      10700      10800      10900      11000      11100      11200      11300      11400      11500
      8          10700      10800      10900      11000      11100      11200      11300      11400      11500      11600
      9          10800      10900      11000      11100      11200      11300      11400      11500      11600      11700
     10          10900      11000      11100      11200      11300      11400      11500      11600      11700      11800
minfilt inp=f.img out=d1.img nlw=5 nsw=1
Beginning VICAR task minfilt
** MINFILT - May 18, 2011 - (64-bit) - rjb
list d1.img
Beginning VICAR task list

   FULL     samples are interpreted as FULLWORD data
 Task:GEN       User:rjb       Date_Time:Mon Sep  2 15:21:00 2013
 Task:MINFILT   User:rjb       Date_Time:Mon Sep  2 15:21:00 2013
     Samp            1          2          3          4          5          6          7          8          9         10
   Line
      1          10000      10100      10200      10300      10400      10500      10600      10700      10800      10900
      2          10000      10100      10200      10300      10400      10500      10600      10700      10800      10900
      3          10000      10100      10200      10300      10400      10500      10600      10700      10800      10900
      4          10100      10200      10300      10400      10500      10600      10700      10800      10900      11000
      5          10200      10300      10400      10500      10600      10700      10800      10900      11000      11100
      6          10300      10400      10500      10600      10700      10800      10900      11000      11100      11200
      7          10400      10500      10600      10700      10800      10900      11000      11100      11200      11300
      8          10500      10600      10700      10800      10900      11000      11100      11200      11300      11400
      9          10600      10700      10800      10900      11000      11100      11200      11300      11400      11500
     10          10700      10800      10900      11000      11100      11200      11300      11400      11500      11600
minfilt inp=f.img out=d2.img nlw=1 nsw=5
Beginning VICAR task minfilt
** MINFILT - May 18, 2011 - (64-bit) - rjb
list d2.img
Beginning VICAR task list

   FULL     samples are interpreted as FULLWORD data
 Task:GEN       User:rjb       Date_Time:Mon Sep  2 15:21:00 2013
 Task:MINFILT   User:rjb       Date_Time:Mon Sep  2 15:21:00 2013
     Samp            1          2          3          4          5          6          7          8          9         10
   Line
      1          10000      10000      10000      10100      10200      10300      10400      10500      10600      10700
      2          10100      10100      10100      10200      10300      10400      10500      10600      10700      10800
      3          10200      10200      10200      10300      10400      10500      10600      10700      10800      10900
      4          10300      10300      10300      10400      10500      10600      10700      10800      10900      11000
      5          10400      10400      10400      10500      10600      10700      10800      10900      11000      11100
      6          10500      10500      10500      10600      10700      10800      10900      11000      11100      11200
      7          10600      10600      10600      10700      10800      10900      11000      11100      11200      11300
      8          10700      10700      10700      10800      10900      11000      11100      11200      11300      11400
      9          10800      10800      10800      10900      11000      11100      11200      11300      11400      11500
     10          10900      10900      10900      11000      11100      11200      11300      11400      11500      11600
minfilt inp=f.img out=d3.img nlw=5 nsw=5
Beginning VICAR task minfilt
** MINFILT - May 18, 2011 - (64-bit) - rjb
list d3.img
Beginning VICAR task list

   FULL     samples are interpreted as FULLWORD data
 Task:GEN       User:rjb       Date_Time:Mon Sep  2 15:21:00 2013
 Task:MINFILT   User:rjb       Date_Time:Mon Sep  2 15:21:00 2013
     Samp            1          2          3          4          5          6          7          8          9         10
   Line
      1          10000      10000      10000      10100      10200      10300      10400      10500      10600      10700
      2          10000      10000      10000      10100      10200      10300      10400      10500      10600      10700
      3          10000      10000      10000      10100      10200      10300      10400      10500      10600      10700
      4          10100      10100      10100      10200      10300      10400      10500      10600      10700      10800
      5          10200      10200      10200      10300      10400      10500      10600      10700      10800      10900
      6          10300      10300      10300      10400      10500      10600      10700      10800      10900      11000
      7          10400      10400      10400      10500      10600      10700      10800      10900      11000      11100
      8          10500      10500      10500      10600      10700      10800      10900      11000      11100      11200
      9          10600      10600      10600      10700      10800      10900      11000      11100      11200      11300
     10          10700      10700      10700      10800      10900      11000      11100      11200      11300      11400
gausnois out=p.img nl=10 ns=10 format=FULL mean=12800 sigma=140 seed=902
Beginning VICAR task gausnois
Gausnois - 11-Aug-2013 - rjb (64bit)
list p.img
Beginning VICAR task list

   FULL     samples are interpreted as FULLWORD data
 Task:GAUSNOIS  User:rjb       Date_Time:Mon Sep  2 15:21:00 2013
     Samp            1          2          3          4          5          6          7          8          9         10
   Line
      1          12695      12814      12851      12679      12832      12919      12918      12913      12767      12895
      2          12652      13103      12714      13047      12855      12962      12730      12748      12794      13121
      3          12910      12712      12765      12924      12615      12668      12797      12839      12827      12609
      4          12843      12703      12959      12870      12833      12590      12641      12689      12754      12522
      5          12937      12875      12776      12777      12698      12866      12791      12682      12682      12782
      6          13091      12851      12957      12848      12907      13010      12797      12773      12983      12747
      7          12824      12588      12949      12676      12963      12553      12962      12929      12963      12811
      8          12892      12899      12690      12866      12735      12716      12615      13190      12813      13032
      9          12940      12816      12637      12997      13051      12659      12598      12736      12748      12981
     10          12918      12937      12822      12931      12657      12971      12866      12938      12703      12862
minfilt inp=p.img out=d4.img nlw=5 nsw=5
Beginning VICAR task minfilt
** MINFILT - May 18, 2011 - (64-bit) - rjb
list d4.img
Beginning VICAR task list

   FULL     samples are interpreted as FULLWORD data
 Task:GAUSNOIS  User:rjb       Date_Time:Mon Sep  2 15:21:00 2013
 Task:MINFILT   User:rjb       Date_Time:Mon Sep  2 15:21:00 2013
     Samp            1          2          3          4          5          6          7          8          9         10
   Line
      1          12652      12652      12615      12615      12615      12615      12615      12609      12609      12609
      2          12652      12652      12615      12590      12590      12590      12590      12522      12522      12522
      3          12652      12652      12615      12590      12590      12590      12590      12522      12522      12522
      4          12652      12652      12615      12590      12590      12590      12590      12522      12522      12522
      5          12588      12588      12588      12553      12553      12553      12553      12522      12522      12522
      6          12588      12588      12588      12553      12553      12553      12553      12522      12522      12522
      7          12588      12588      12588      12553      12553      12553      12553      12553      12598      12682
      8          12588      12588      12588      12553      12553      12553      12553      12553      12598      12703
      9          12588      12588      12588      12553      12553      12553      12553      12553      12598      12703
     10          12637      12637      12637      12637      12598      12598      12598      12598      12598      12703
gen out=r.img nl=10 ns=10 format=real ival=1504.4 linc=156.6 sinc=156.6
Beginning VICAR task gen
GEN Version 6
GEN task completed
list r.img
Beginning VICAR task list

   REAL     samples are interpreted as  REAL*4  data
 Task:GEN       User:rjb       Date_Time:Mon Sep  2 15:21:00 2013
     Samp             1           2           3           4           5           6           7           8           9          10
   Line
      1       1.504E+03   1.661E+03   1.818E+03   1.974E+03   2.131E+03   2.287E+03   2.444E+03   2.601E+03   2.757E+03   2.914E+03
      2       1.661E+03   1.818E+03   1.974E+03   2.131E+03   2.287E+03   2.444E+03   2.601E+03   2.757E+03   2.914E+03   3.070E+03
      3       1.818E+03   1.974E+03   2.131E+03   2.287E+03   2.444E+03   2.601E+03   2.757E+03   2.914E+03   3.070E+03   3.227E+03
      4       1.974E+03   2.131E+03   2.287E+03   2.444E+03   2.601E+03   2.757E+03   2.914E+03   3.070E+03   3.227E+03   3.384E+03
      5       2.131E+03   2.287E+03   2.444E+03   2.601E+03   2.757E+03   2.914E+03   3.070E+03   3.227E+03   3.384E+03   3.540E+03
      6       2.287E+03   2.444E+03   2.601E+03   2.757E+03   2.914E+03   3.070E+03   3.227E+03   3.384E+03   3.540E+03   3.697E+03
      7       2.444E+03   2.601E+03   2.757E+03   2.914E+03   3.070E+03   3.227E+03   3.384E+03   3.540E+03   3.697E+03   3.853E+03
      8       2.601E+03   2.757E+03   2.914E+03   3.070E+03   3.227E+03   3.384E+03   3.540E+03   3.697E+03   3.853E+03   4.010E+03
      9       2.757E+03   2.914E+03   3.070E+03   3.227E+03   3.384E+03   3.540E+03   3.697E+03   3.853E+03   4.010E+03   4.167E+03
     10       2.914E+03   3.070E+03   3.227E+03   3.384E+03   3.540E+03   3.697E+03   3.853E+03   4.010E+03   4.167E+03   4.323E+03
minfilt inp=r.img out=e1.img nlw=5 nsw=1
Beginning VICAR task minfilt
** MINFILT - May 18, 2011 - (64-bit) - rjb
list e1.img
Beginning VICAR task list

   REAL     samples are interpreted as  REAL*4  data
 Task:GEN       User:rjb       Date_Time:Mon Sep  2 15:21:00 2013
 Task:MINFILT   User:rjb       Date_Time:Mon Sep  2 15:21:00 2013
     Samp             1           2           3           4           5           6           7           8           9          10
   Line
      1       1.504E+03   1.661E+03   1.818E+03   1.974E+03   2.131E+03   2.287E+03   2.444E+03   2.601E+03   2.757E+03   2.914E+03
      2       1.504E+03   1.661E+03   1.818E+03   1.974E+03   2.131E+03   2.287E+03   2.444E+03   2.601E+03   2.757E+03   2.914E+03
      3       1.504E+03   1.661E+03   1.818E+03   1.974E+03   2.131E+03   2.287E+03   2.444E+03   2.601E+03   2.757E+03   2.914E+03
      4       1.661E+03   1.818E+03   1.974E+03   2.131E+03   2.287E+03   2.444E+03   2.601E+03   2.757E+03   2.914E+03   3.070E+03
      5       1.818E+03   1.974E+03   2.131E+03   2.287E+03   2.444E+03   2.601E+03   2.757E+03   2.914E+03   3.070E+03   3.227E+03
      6       1.974E+03   2.131E+03   2.287E+03   2.444E+03   2.601E+03   2.757E+03   2.914E+03   3.070E+03   3.227E+03   3.384E+03
      7       2.131E+03   2.287E+03   2.444E+03   2.601E+03   2.757E+03   2.914E+03   3.070E+03   3.227E+03   3.384E+03   3.540E+03
      8       2.287E+03   2.444E+03   2.601E+03   2.757E+03   2.914E+03   3.070E+03   3.227E+03   3.384E+03   3.540E+03   3.697E+03
      9       2.444E+03   2.601E+03   2.757E+03   2.914E+03   3.070E+03   3.227E+03   3.384E+03   3.540E+03   3.697E+03   3.853E+03
     10       2.601E+03   2.757E+03   2.914E+03   3.070E+03   3.227E+03   3.384E+03   3.540E+03   3.697E+03   3.853E+03   4.010E+03
minfilt inp=r.img out=e2.img nlw=1 nsw=5
Beginning VICAR task minfilt
** MINFILT - May 18, 2011 - (64-bit) - rjb
list e2.img
Beginning VICAR task list

   REAL     samples are interpreted as  REAL*4  data
 Task:GEN       User:rjb       Date_Time:Mon Sep  2 15:21:00 2013
 Task:MINFILT   User:rjb       Date_Time:Mon Sep  2 15:21:00 2013
     Samp             1           2           3           4           5           6           7           8           9          10
   Line
      1       1.504E+03   1.504E+03   1.504E+03   1.661E+03   1.818E+03   1.974E+03   2.131E+03   2.287E+03   2.444E+03   2.601E+03
      2       1.661E+03   1.661E+03   1.661E+03   1.818E+03   1.974E+03   2.131E+03   2.287E+03   2.444E+03   2.601E+03   2.757E+03
      3       1.818E+03   1.818E+03   1.818E+03   1.974E+03   2.131E+03   2.287E+03   2.444E+03   2.601E+03   2.757E+03   2.914E+03
      4       1.974E+03   1.974E+03   1.974E+03   2.131E+03   2.287E+03   2.444E+03   2.601E+03   2.757E+03   2.914E+03   3.070E+03
      5       2.131E+03   2.131E+03   2.131E+03   2.287E+03   2.444E+03   2.601E+03   2.757E+03   2.914E+03   3.070E+03   3.227E+03
      6       2.287E+03   2.287E+03   2.287E+03   2.444E+03   2.601E+03   2.757E+03   2.914E+03   3.070E+03   3.227E+03   3.384E+03
      7       2.444E+03   2.444E+03   2.444E+03   2.601E+03   2.757E+03   2.914E+03   3.070E+03   3.227E+03   3.384E+03   3.540E+03
      8       2.601E+03   2.601E+03   2.601E+03   2.757E+03   2.914E+03   3.070E+03   3.227E+03   3.384E+03   3.540E+03   3.697E+03
      9       2.757E+03   2.757E+03   2.757E+03   2.914E+03   3.070E+03   3.227E+03   3.384E+03   3.540E+03   3.697E+03   3.853E+03
     10       2.914E+03   2.914E+03   2.914E+03   3.070E+03   3.227E+03   3.384E+03   3.540E+03   3.697E+03   3.853E+03   4.010E+03
minfilt inp=r.img out=e3.img nlw=5 nsw=5
Beginning VICAR task minfilt
** MINFILT - May 18, 2011 - (64-bit) - rjb
list e3.img
Beginning VICAR task list

   REAL     samples are interpreted as  REAL*4  data
 Task:GEN       User:rjb       Date_Time:Mon Sep  2 15:21:00 2013
 Task:MINFILT   User:rjb       Date_Time:Mon Sep  2 15:21:00 2013
     Samp             1           2           3           4           5           6           7           8           9          10
   Line
      1       1.504E+03   1.504E+03   1.504E+03   1.661E+03   1.818E+03   1.974E+03   2.131E+03   2.287E+03   2.444E+03   2.601E+03
      2       1.504E+03   1.504E+03   1.504E+03   1.661E+03   1.818E+03   1.974E+03   2.131E+03   2.287E+03   2.444E+03   2.601E+03
      3       1.504E+03   1.504E+03   1.504E+03   1.661E+03   1.818E+03   1.974E+03   2.131E+03   2.287E+03   2.444E+03   2.601E+03
      4       1.661E+03   1.661E+03   1.661E+03   1.818E+03   1.974E+03   2.131E+03   2.287E+03   2.444E+03   2.601E+03   2.757E+03
      5       1.818E+03   1.818E+03   1.818E+03   1.974E+03   2.131E+03   2.287E+03   2.444E+03   2.601E+03   2.757E+03   2.914E+03
      6       1.974E+03   1.974E+03   1.974E+03   2.131E+03   2.287E+03   2.444E+03   2.601E+03   2.757E+03   2.914E+03   3.070E+03
      7       2.131E+03   2.131E+03   2.131E+03   2.287E+03   2.444E+03   2.601E+03   2.757E+03   2.914E+03   3.070E+03   3.227E+03
      8       2.287E+03   2.287E+03   2.287E+03   2.444E+03   2.601E+03   2.757E+03   2.914E+03   3.070E+03   3.227E+03   3.384E+03
      9       2.444E+03   2.444E+03   2.444E+03   2.601E+03   2.757E+03   2.914E+03   3.070E+03   3.227E+03   3.384E+03   3.540E+03
     10       2.601E+03   2.601E+03   2.601E+03   2.757E+03   2.914E+03   3.070E+03   3.227E+03   3.384E+03   3.540E+03   3.697E+03
gausnois out=q.img nl=10 ns=10 format=REAL mean=134.5 sigma=19.0 seed=-97546
Beginning VICAR task gausnois
Gausnois - 11-Aug-2013 - rjb (64bit)
list q.img
Beginning VICAR task list

   REAL     samples are interpreted as  REAL*4  data
 Task:GAUSNOIS  User:rjb       Date_Time:Mon Sep  2 15:21:00 2013
     Samp             1           2           3           4           5           6           7           8           9          10
   Line
      1       1.042E+02   1.125E+02   1.440E+02   1.516E+02   1.354E+02   1.274E+02   1.340E+02   8.268E+01   1.425E+02   1.535E+02
      2       1.389E+02   1.586E+02   1.386E+02   1.343E+02   1.228E+02   1.529E+02   7.678E+01   1.085E+02   1.249E+02   1.067E+02
      3       1.474E+02   1.452E+02   1.483E+02   1.394E+02   9.249E+01   1.429E+02   1.497E+02   1.493E+02   1.614E+02   1.538E+02
      4       1.236E+02   1.257E+02   1.319E+02   1.413E+02   1.280E+02   1.682E+02   1.319E+02   1.484E+02   1.368E+02   1.432E+02
      5       1.457E+02   1.775E+02   9.903E+01   1.291E+02   1.309E+02   1.610E+02   1.238E+02   1.096E+02   1.467E+02   1.251E+02
      6       1.113E+02   1.346E+02   1.086E+02   1.309E+02   1.440E+02   1.478E+02   1.619E+02   1.391E+02   1.357E+02   1.664E+02
      7       1.391E+02   1.411E+02   1.299E+02   1.712E+02   1.342E+02   1.325E+02   8.753E+01   1.446E+02   1.090E+02   1.417E+02
      8       1.453E+02   1.103E+02   1.356E+02   1.767E+02   1.277E+02   1.408E+02   1.233E+02   1.238E+02   1.347E+02   1.186E+02
      9       1.381E+02   1.807E+02   1.269E+02   1.439E+02   1.549E+02   1.225E+02   1.150E+02   1.085E+02   1.402E+02   1.551E+02
     10       1.077E+02   1.510E+02   1.460E+02   1.221E+02   1.203E+02   1.081E+02   1.352E+02   1.488E+02   1.587E+02   1.294E+02
minfilt inp=q.img out=e4.img nlw=5 nsw=5
Beginning VICAR task minfilt
** MINFILT - May 18, 2011 - (64-bit) - rjb
list e4.img
Beginning VICAR task list

   REAL     samples are interpreted as  REAL*4  data
 Task:GAUSNOIS  User:rjb       Date_Time:Mon Sep  2 15:21:00 2013
 Task:MINFILT   User:rjb       Date_Time:Mon Sep  2 15:21:00 2013
     Samp             1           2           3           4           5           6           7           8           9          10
   Line
      1       1.042E+02   1.042E+02   9.249E+01   9.249E+01   7.678E+01   7.678E+01   7.678E+01   7.678E+01   7.678E+01   8.268E+01
      2       1.042E+02   1.042E+02   9.249E+01   9.249E+01   7.678E+01   7.678E+01   7.678E+01   7.678E+01   7.678E+01   8.268E+01
      3       9.903E+01   9.903E+01   9.249E+01   9.249E+01   7.678E+01   7.678E+01   7.678E+01   7.678E+01   7.678E+01   8.268E+01
      4       9.903E+01   9.903E+01   9.249E+01   9.249E+01   7.678E+01   7.678E+01   7.678E+01   7.678E+01   7.678E+01   1.067E+02
      5       9.903E+01   9.903E+01   9.249E+01   9.249E+01   8.753E+01   8.753E+01   8.753E+01   8.753E+01   8.753E+01   1.090E+02
      6       9.903E+01   9.903E+01   9.903E+01   9.903E+01   8.753E+01   8.753E+01   8.753E+01   8.753E+01   8.753E+01   1.090E+02
      7       9.903E+01   9.903E+01   9.903E+01   9.903E+01   8.753E+01   8.753E+01   8.753E+01   8.753E+01   8.753E+01   1.085E+02
      8       1.077E+02   1.077E+02   1.077E+02   1.081E+02   8.753E+01   8.753E+01   8.753E+01   8.753E+01   8.753E+01   1.085E+02
      9       1.077E+02   1.077E+02   1.077E+02   1.081E+02   8.753E+01   8.753E+01   8.753E+01   8.753E+01   8.753E+01   1.085E+02
     10       1.077E+02   1.077E+02   1.077E+02   1.081E+02   1.081E+02   1.081E+02   1.081E+02   1.081E+02   1.085E+02   1.085E+02
let $echo="no"
exit
slogoff
