                Version 5C/16C

      ***********************************************************
      *                                                         *
      *                  Welcome to VICAR                       *
      *                                                         *
      *          VICAR Supervisor version 5C, TAE V5.3          *
      *                 Distribution 29.0                       *
      *                                                         *
      *          #    #  #####   ###     ##    #####            *
      *          #    #    #    #   #   #  #   #    #           *
      *          #    #    #   #       #    #  #    #           *
      *          #    #    #   #       ######  #####            *
      *           #  #     #    #   #  #    #  #   #            *
      *            ##    #####   ###   #    #  #    #           *
      *                                                         *
      *         Video Image Communication and Retrieval         *
      *        and Image Based Information System (IBIS)        *
      *            ** AFIDS Package Distribution **             *
      *                                                         *
      ***********************************************************

  --- Type NUT for the New User Tutorial ---

  --- Type MENU for a menu of available applications ---

$R2LIB set to /data/afids5/vdev
Disabling interrupts ...

devsc2rpc
let $autousage = "none"
let _onfail="continue"
let $echo="yes"
gen xxxa nl=3 ns=3
Beginning VICAR task gen
GEN Version 6
GEN task completed
ibis-gen xxxb nc=5 nr=45 deffmt=DOUB
Beginning VICAR task ibis
sc2rpc (xxxa,xxxb) urange=(1.0,1823.5,3648.0)  +
  vrange=(1.0,1687.0,3375.0)  +
  hrange=(0.0,50.0,200.0)  +
  ACS_time=215077459.471879  +
  Delta_UT1= 0.1128609  +
  TOD_t_SV=(3435100.496, 945571.538, -6053387.573)  +
  TOD_q_SV=(0.946366, 0.0, -0.323096813, 0.0)   +
  SV_t_C=(0.0,0.0,0.0)  +
  SV_q_C=(1.0,0.0,0.0,0.0)   +
  fu=2500000   +
  fv=2500000   +
  q=0.0  +
  u0=1824.5  +
  v0=1688.0  +
  kappa=(0.0,0.0,0.0,0.0,0.0)
Beginning VICAR task sc2rpc
sc2rpc version Fri Dec 28 2007
TOD_R_SV:
0.791217055385243 -0.000000000000000 -0.611535677063116
0.000000000000000 1.000000156526757 -0.000000000000000
0.611535677063116 0.000000000000000 0.791217055385243

SV_R_C:
1.000000000000000 0.000000000000000 0.000000000000000
0.000000000000000 1.000000000000000 0.000000000000000
0.000000000000000 0.000000000000000 1.000000000000000

0.791217055385243 0.000000000000000 -0.611535677063116
0.000000000000000 1.000000156526757 0.000000000000000
0.611535677063116 0.000000000000000 0.791217055385243
alpha_GAST_deg_standard = 330.136451738653705
ECEF_R_TOD:
0.867213712798158 -0.497936116720644 0.000000000000000
0.497936116720644 0.867213712798158 0.000000000000000
0.000000000000000 0.000000000000000 1.000000000000000

ECEF_R_C:
0.686154144264214 -0.497936116720644 -0.530332078960164
0.393975469973017 0.867213712798158 -0.304505673829528
0.611535623957088 0.000000000000000 0.791216898600766


ECEF_t_C:
2508132.035257665440440
2530473.205708642024547
-6053387.572999999858439


ibis-l xxxb nr=100 csiz=(12,12,12,12,12)  +
   cfor="%12.7f %12.7f %12.7f %12.7f %12.7f"
Beginning VICAR task ibis
 
Number of Rows:45  Number of Columns: 5       
File Version:IBIS-2  Organization:COLUMN  SubType:NONE
 
Rows: 1:30
+------------+------------+------------+------------+-----------
          C:1          C:2          C:3          C:4         C:5
+------------+------------+------------+------------+-----------
  47.2350398  -60.3268510   -0.0000000    1.0000000    1.0000000
  47.2348710  -60.3267976   49.9999477    1.0000000    1.0000000
  47.2347022  -60.3267441   99.9998955    1.0000000    1.0000000
  47.2345334  -60.3266907  149.9998432    1.0000000    1.0000000
  47.2343646  -60.3266372  199.9997910    1.0000000    1.0000000
  47.2431516  -60.3258603    0.0000000 1688.0000000    1.0000000
  47.2429821  -60.3258069   49.9999477 1688.0000000    1.0000000
  47.2428126  -60.3257535   99.9998955 1688.0000000    1.0000000
  47.2426431  -60.3257002  149.9998432 1688.0000000    1.0000000
  47.2424736  -60.3256468  199.9997910 1688.0000000    1.0000000
  47.2512646  -60.3248688   -0.0000000 3375.0000000    1.0000000
  47.2510944  -60.3248156   49.9999477 3375.0000000    1.0000000
  47.2509243  -60.3247623   99.9998955 3375.0000000    1.0000000
  47.2507541  -60.3247090  149.9998432 3375.0000000    1.0000000
  47.2505839  -60.3246558  199.9997910 3375.0000000    1.0000000
  47.2326690  -60.3225233   -0.0000000    1.0000000 1824.5000000
  47.2325004  -60.3224702   49.9999477    1.0000000 1824.5000000
  47.2323318  -60.3224171   99.9998955    1.0000000 1824.5000000
  47.2321633  -60.3223640  149.9998432    1.0000000 1824.5000000
  47.2319947  -60.3223110  199.9997909    1.0000000 1824.5000000
  47.2407785  -60.3215324    0.0000000 1688.0000000 1824.5000000
  47.2406093  -60.3214794   49.9999477 1688.0000000 1824.5000000
  47.2404400  -60.3214264   99.9998955 1688.0000000 1824.5000000
  47.2402708  -60.3213734  149.9998432 1688.0000000 1824.5000000
  47.2401015  -60.3213204  199.9997909 1688.0000000 1824.5000000
  47.2488894  -60.3205407    0.0000000 3375.0000000 1824.5000000
  47.2487194  -60.3204878   49.9999477 3375.0000000 1824.5000000
  47.2485495  -60.3204349   99.9998955 3375.0000000 1824.5000000
  47.2483795  -60.3203820  149.9998432 3375.0000000 1824.5000000
  47.2482096  -60.3203291  199.9997909 3375.0000000 1824.5000000
 
Rows: 31:45
+------------+------------+------------+------------+-----------
          C:1          C:2          C:3          C:4         C:5
+------------+------------+------------+------------+-----------
  47.2302995  -60.3181966   -0.0000000    1.0000000 3648.0000000
  47.2301311  -60.3181439   49.9999477    1.0000000 3648.0000000
  47.2299628  -60.3180912   99.9998954    1.0000000 3648.0000000
  47.2297944  -60.3180384  149.9998432    1.0000000 3648.0000000
  47.2296261  -60.3179857  199.9997909    1.0000000 3648.0000000
  47.2384068  -60.3172055    0.0000000 1688.0000000 3648.0000000
  47.2382378  -60.3171528   49.9999477 1688.0000000 3648.0000000
  47.2380688  -60.3171002   99.9998954 1688.0000000 3648.0000000
  47.2378997  -60.3170476  149.9998432 1688.0000000 3648.0000000
  47.2377307  -60.3169949  199.9997909 1688.0000000 3648.0000000
  47.2465154  -60.3162137   -0.0000000 3375.0000000 3648.0000000
  47.2463457  -60.3161611   49.9999477 3375.0000000 3648.0000000
  47.2461760  -60.3161086   99.9998954 3375.0000000 3648.0000000
  47.2460063  -60.3160560  149.9998432 3375.0000000 3648.0000000
  47.2458366  -60.3160035  199.9997909 3375.0000000 3648.0000000
end-proc
end-proc
